,연도,지역,경지면적
0,2015,서울특별시,476
1,2015,부산광역시,6008
2,2015,대구광역시,8291
3,2015,인천광역시,20114
4,2015,광주광역시,10261
5,2015,대전광역시,4305
6,2015,울산광역시,11003
7,2015,세종특별자치시,8260
8,2015,경기도,175417
9,2015,강원도,107277
10,2015,충청북도,111568
11,2015,충청남도,218787
12,2015,전라북도,203559
13,2015,전라남도,304799
14,2015,경상북도,274487
15,2015,경상남도,151769
16,2015,제주특별자치도,62642
17,2016,서울특별시,422
18,2016,부산광역시,5934
19,2016,대구광역시,8102
20,2016,인천광역시,19511
21,2016,광주광역시,9878
22,2016,대전광역시,4072
23,2016,울산광역시,10889
24,2016,세종특별자치시,8102
25,2016,경기도,169435
26,2016,강원도,104330
27,2016,충청북도,109161
28,2016,충청남도,215100
29,2016,전라북도,200720
30,2016,전라남도,298095
31,2016,경상북도,268461
32,2016,경상남도,149247
33,2016,제주특별자치도,62140
34,2017,서울특별시,402
35,2017,부산광역시,5742
36,2017,대구광역시,8062
37,2017,인천광역시,19004
38,2017,광주광역시,9446
39,2017,대전광역시,3888
40,2017,울산광역시,10540
41,2017,세종특별자치시,7958
42,2017,경기도,165707
43,2017,강원도,103133
44,2017,충청북도,107097
45,2017,충청남도,213238
46,2017,전라북도,199196
47,2017,전라남도,293863
48,2017,경상북도,265665
49,2017,경상남도,146766
50,2017,제주특별자치도,61088
51,2018,서울특별시,353
52,2018,부산광역시,5578
53,2018,대구광역시,7661
54,2018,인천광역시,18377
55,2018,광주광역시,9328
56,2018,대전광역시,3794
57,2018,울산광역시,10064
58,2018,세종특별자치시,7704
59,2018,경기도,162587
60,2018,강원도,101564
61,2018,충청북도,102870
62,2018,충청남도,211577
63,2018,전라북도,197541
64,2018,전라남도,290827
65,2018,경상북도,262049
66,2018,경상남도,144404
67,2018,제주특별자치도,59338
