,고용형태,연령,2006,2007,2008,2009,2010,2011,2012,2013,2014,2015,2016,2017,2018
0,고용형태,연령,월임금총액 (천원),월임금총액 (천원),월임금총액 (천원),월임금총액 (천원),월임금총액 (천원),월임금총액 (천원),월임금총액 (천원),월임금총액 (천원),월임금총액 (천원),월임금총액 (천원),월임금총액 (천원),월임금총액 (천원),월임금총액 (천원)
1,전체근로자,전체,28751,30114,31365,31125,31542,33049,34053,35346,36567,36775,38023,38571,40252
2,전체근로자,29세이하,19309,20784,21510,21431,21475,22774,23370,23865,25223,24234,25181,25537,27262
3,전체근로자,30~39세,31379,33193,34491,33993,34767,35861,36938,37796,40619,40067,42201,42158,44065
4,전체근로자,40~49세,35414,36357,37671,37476,37674,39547,40436,41771,43441,44659,45784,46182,48009
5,전체근로자,50~59세,33191,33942,34672,33565,33703,35256,36220,38822,37973,38930,39921,41932,43371
6,전체근로자,60세이상,19962,20753,21588,20640,20765,21509,22433,23628,23150,24044,24902,25904,27699
7,전체근로자(특수형태포함),전체,28635,29975,31175,30881,31276,32675,33685,35193,36321,36529,37714,38230,39829
8,전체근로자(특수형태포함),29세이하,19317,20786,21478,21377,21455,22683,23344,23843,25186,24205,25099,25488,27175
9,전체근로자(특수형태포함),30~39세,31300,33002,34208,33606,34358,35179,36281,37404,40184,39625,41676,41650,43459
10,전체근로자(특수형태포함),40~49세,34955,35922,37187,36997,37209,38677,39638,41393,42846,44087,45106,45429,47195
11,전체근로자(특수형태포함),50~59세,32746,33460,34243,33269,33268,34998,35847,38719,37749,38678,39615,41527,42838
12,전체근로자(특수형태포함),60세이상,19645,20585,21394,20110,20305,21352,22329,23333,22958,24042,24893,25910,27685
13,정규근로자,전체,32812,34115,35840,36156,36836,38920,39639,40842,43241,43394,44593,45325,47211
14,정규근로자,29세이하,22149,23507,24797,25308,25705,27379,28300,29111,31597,30144,30998,31560,33164
15,정규근로자,30~39세,34158,35954,37347,37190,37923,39134,39877,40353,44072,43294,45428,45607,47904
16,정규근로자,40~49세,40262,41303,43022,43407,43574,46227,46063,46927,49562,50500,51118,51980,54079
17,정규근로자,50~59세,38821,39609,41126,40001,40707,43290,43385,45783,46194,47131,47983,50267,51400
18,정규근로자,60세이상,24925,26002,27048,26450,26549,27081,29652,30828,31579,32957,33789,33792,36234
19,비정규근로자,전체,13494,14580,15016,15142,15234,16036,16445,17228,16329,16830,17758,18468,19458
20,비정규근로자,29세이하,11515,12538,12452,12478,12371,13490,13206,13487,12921,13142,13943,14201,15293
21,비정규근로자,30~39세,15626,16551,17567,17230,17681,18430,19337,20866,19828,20862,22380,22802,22987
22,비정규근로자,40~49세,14401,15561,16051,16079,16453,16882,17886,18887,18008,18645,19962,20763,21452
23,비정규근로자,50~59세,14480,15944,16016,16996,16376,16995,17806,18883,17630,18029,18669,19596,20657
24,비정규근로자,60세이상,11914,12505,13573,13707,14296,15086,14916,15708,14560,15254,16042,17034,18478
25,비정규직근로자(특수형태포함),전체,15505,16631,16952,16859,16977,18020,18313,20177,18656,19158,20075,20500,21401
26,비정규직근로자(특수형태포함),29세이하,12080,13168,13044,12929,12982,13868,13726,14097,13559,13766,14481,14945,16034
27,비정규직근로자(특수형태포함),30~39세,19070,19514,20030,18710,19532,19824,20370,23137,22168,22684,23907,24354,24373
28,비정규직근로자(특수형태포함),40~49세,17279,18712,19203,19382,19634,20388,21247,24222,21980,22791,23978,23856,24399
29,비정규직근로자(특수형태포함),50~59세,15458,17228,17417,18949,17855,19431,19893,22624,20256,20786,21701,22129,23225
30,비정규직근로자(특수형태포함),60세이상,11897,12831,13720,13377,14046,15309,15210,15946,14904,16006,16826,17852,19323
